# ----- Rotor performance tables for the SiteA 4MW turbine -----
# ------------ Generated using CC-Blade via ROSCO toolbox ----------
# Rtip=51.759m, Rhub=1.3m, 3 blades, rho=1.225 kg/m3

# Pitch angle vector, 36 entries - x axis (matrix columns) (deg)
-5.0000   -4.0000   -3.0000   -2.0000   -1.0000   0.0000   1.0000   2.0000   3.0000   4.0000   5.0000   6.0000   7.0000   8.0000   9.0000   10.0000   11.0000   12.0000   13.0000   14.0000   15.0000   16.0000   17.0000   18.0000   19.0000   20.0000   21.0000   22.0000   23.0000   24.0000   25.0000   26.0000   27.0000   28.0000   29.0000   30.0000
# TSR vector, 50 entries - y axis (matrix rows) (-)
0.5000   1.0000   1.5000   2.0000   2.5000   3.0000   3.5000   4.0000   4.5000   5.0000   5.5000   6.0000   6.5000   7.0000   7.5000   8.0000   8.5000   9.0000   9.5000   10.0000   10.5000   11.0000   11.5000   12.0000   12.5000   13.0000   13.5000   14.0000   14.5000   15.0000   15.5000   16.0000   16.5000   17.0000   17.5000   18.0000   18.5000   19.0000   19.5000   20.0000   20.5000   21.0000   21.5000   22.0000   22.5000   23.0000   23.5000   24.0000   24.5000   25.0000
# Wind speed vector - z axis (m/s)
11.000

# Power coefficient

-0.000267   -0.000108   0.000051   0.000209   0.000367   0.000523   0.000679   0.000834   0.000987   0.001139   0.001289   0.001438   0.001584   0.001729   0.001873   0.002014   0.002154   0.002291   0.002427   0.002561   0.002693   0.002823   0.002951   0.003077   0.003202   0.003325   0.003446   0.003566   0.003685   0.003804   0.003921   0.004036   0.004151   0.004262   0.004373   0.004483
-0.000179   0.000218   0.000613   0.001006   0.001395   0.001782   0.002165   0.002545   0.002921   0.003294   0.003663   0.004028   0.004388   0.004745   0.005098   0.005447   0.005793   0.006139   0.006479   0.006815   0.007143   0.007468   0.007784   0.008094   0.008401   0.008705   0.009009   0.009311   0.009614   0.009918   0.010224   0.010533   0.010849   0.011173   0.011506   0.011848
0.000806   0.001592   0.002373   0.003146   0.003913   0.004672   0.005423   0.006167   0.006902   0.007630   0.008351   0.009071   0.009785   0.010489   0.011179   0.011850   0.012512   0.013170   0.013827   0.014486   0.015149   0.015819   0.016500   0.017196   0.017911   0.018654   0.019437   0.020244   0.021037   0.021778   0.022441   0.023010   0.023464   0.023789   0.024016   0.024148
0.003286   0.004660   0.006018   0.007362   0.008692   0.010008   0.011313   0.012614   0.013918   0.015215   0.016488   0.017732   0.018965   0.020199   0.021441   0.022700   0.023981   0.025291   0.026644   0.028059   0.029515   0.030939   0.032266   0.033440   0.034393   0.035094   0.035601   0.035972   0.036209   0.036361   0.036362   0.036150   0.035657   0.035001   0.034178   0.033333
0.007656   0.009858   0.012041   0.014208   0.016365   0.018528   0.020702   0.022860   0.024977   0.027073   0.029178   0.031312   0.033481   0.035694   0.037985   0.040352   0.042690   0.044884   0.046800   0.048298   0.049405   0.050279   0.050971   0.051566   0.051966   0.052013   0.051555   0.050541   0.049125   0.047474   0.045799   0.044195   0.042817   0.041424   0.040124   0.039105
0.014296   0.017657   0.021001   0.024348   0.027725   0.031106   0.034447   0.037772   0.041112   0.044476   0.047884   0.051395   0.054964   0.058429   0.061578   0.064128   0.066054   0.067612   0.068990   0.070267   0.071266   0.071523   0.070834   0.069206   0.066683   0.063795   0.060923   0.058274   0.056060   0.053973   0.052086   0.050685   0.049228   0.047572   0.046195   0.044778
0.023619   0.028523   0.033451   0.038446   0.043457   0.048426   0.053347   0.058218   0.063128   0.068175   0.073240   0.078033   0.082084   0.085247   0.087888   0.090357   0.092731   0.094422   0.094860   0.093722   0.091012   0.087056   0.082471   0.077948   0.073802   0.070493   0.067595   0.065508   0.063194   0.060945   0.058973   0.057013   0.055270   0.053686   0.051992   0.050392
0.035934   0.042895   0.049984   0.057076   0.064002   0.070704   0.077356   0.084228   0.091254   0.097960   0.103642   0.108251   0.112442   0.116573   0.120122   0.122020   0.121462   0.118617   0.113825   0.107662   0.100828   0.094315   0.088787   0.084959   0.081576   0.078194   0.075235   0.072578   0.070266   0.067781   0.065489   0.063395   0.061474   0.059893   0.058483   0.057338
0.051675   0.061294   0.070796   0.079880   0.088627   0.097546   0.106943   0.116385   0.124814   0.131851   0.138378   0.144854   0.150301   0.152881   0.151802   0.147576   0.140959   0.132694   0.123320   0.114711   0.107236   0.101757   0.096827   0.092754   0.089023   0.085784   0.082459   0.079434   0.076788   0.074469   0.072590   0.070934   0.069583   0.068506   0.067555   0.066823
0.071000   0.083187   0.094748   0.106003   0.117802   0.130412   0.142768   0.153555   0.163335   0.173119   0.181779   0.186468   0.186127   0.181378   0.173483   0.163336   0.152464   0.140571   0.129743   0.121485   0.115143   0.109678   0.104571   0.100196   0.096131   0.092559   0.089581   0.087216   0.085072   0.083394   0.082092   0.080979   0.080173   0.079566   0.079152   0.078762
0.092803   0.107296   0.121589   0.136909   0.153469   0.169542   0.183928   0.198015   0.211586   0.220928   0.223489   0.219782   0.211610   0.200635   0.187977   0.173738   0.159052   0.145987   0.136616   0.128993   0.122475   0.116732   0.111765   0.107626   0.104203   0.101283   0.098883   0.097229   0.095798   0.094813   0.094095   0.093557   0.093106   0.092841   0.092536   0.092287
0.116077   0.133925   0.153349   0.174661   0.195562   0.215117   0.234820   0.251866   0.260864   0.260868   0.254819   0.244255   0.230713   0.214781   0.197210   0.179589   0.163476   0.152022   0.143286   0.135983   0.129778   0.124621   0.120263   0.116971   0.114187   0.112221   0.110707   0.109799   0.109134   0.108557   0.108144   0.107834   0.107624   0.107378   0.107290   0.107098
0.141388   0.165363   0.192200   0.219205   0.245555   0.271797   0.291990   0.300475   0.299240   0.291696   0.278988   0.262694   0.244311   0.223656   0.201857   0.182324   0.168724   0.158903   0.150900   0.144276   0.138727   0.134154   0.130700   0.128534   0.126831   0.125777   0.125130   0.124552   0.124066   0.123854   0.123653   0.123402   0.123324   0.123131   0.123035   0.122949
0.171075   0.203951   0.238240   0.272985   0.306237   0.330783   0.339942   0.338515   0.329737   0.315614   0.297302   0.275767   0.252071   0.227379   0.204102   0.187235   0.175943   0.166916   0.159694   0.153812   0.149276   0.145930   0.143790   0.142845   0.142029   0.141432   0.140936   0.140654   0.140525   0.140264   0.140195   0.140004   0.139901   0.139811   0.139759   0.139647
0.207549   0.249867   0.294484   0.336153   0.366070   0.377369   0.377232   0.368093   0.353316   0.332900   0.309320   0.283639   0.256610   0.229569   0.207916   0.194463   0.184471   0.176342   0.169968   0.165233   0.162294   0.160581   0.159736   0.159101   0.158578   0.158286   0.158054   0.157876   0.157725   0.157615   0.157418   0.157409   0.157356   0.157237   0.157142   0.157072
0.250986   0.305976   0.358378   0.394274   0.410741   0.412140   0.405047   0.389770   0.369277   0.345220   0.318459   0.289451   0.259168   0.232228   0.215052   0.203345   0.194153   0.186951   0.182183   0.179566   0.178189   0.177461   0.176899   0.176574   0.176428   0.176137   0.175883   0.175864   0.175649   0.175639   0.175581   0.175456   0.175356   0.175284   0.175209   0.175134
0.304463   0.367755   0.412960   0.436134   0.442214   0.437449   0.424257   0.405590   0.382394   0.355249   0.325206   0.293286   0.261735   0.238031   0.223699   0.213020   0.205263   0.200023   0.197507   0.196422   0.195789   0.195307   0.195242   0.194931   0.194765   0.194640   0.194406   0.194284   0.194323   0.194188   0.194081   0.194005   0.193926   0.193843   0.193772   0.193722
0.359575   0.415081   0.448340   0.461729   0.462060   0.453884   0.439061   0.418196   0.392542   0.363095   0.330744   0.296260   0.265274   0.246021   0.233573   0.224455   0.218489   0.216013   0.215133   0.214556   0.214143   0.213753   0.213947   0.213824   0.213569   0.213433   0.213348   0.213312   0.213192   0.213109   0.213027   0.212941   0.212856   0.212791   0.212742   0.212705
0.394719   0.437228   0.461239   0.472130   0.473121   0.465214   0.449797   0.428102   0.401198   0.369701   0.334829   0.298975   0.271562   0.255505   0.244576   0.237597   0.234928   0.234172   0.233661   0.233502   0.232859   0.232716   0.233001   0.232842   0.232740   0.232690   0.232551   0.232458   0.232372   0.232283   0.232191   0.232108   0.232047   0.232002   0.231970   0.231941
0.405439   0.437483   0.457952   0.471480   0.476948   0.471802   0.457741   0.436047   0.407899   0.374770   0.337996   0.302750   0.279677   0.265918   0.257333   0.253997   0.253309   0.252852   0.252875   0.252576   0.252109   0.251932   0.252352   0.252164   0.252011   0.251896   0.251806   0.251713   0.251618   0.251522   0.251444   0.251384   0.251345   0.251314   0.251296   0.251296
0.396653   0.424396   0.445527   0.462637   0.474168   0.474400   0.462600   0.441467   0.413110   0.378884   0.340703   0.308185   0.288921   0.277802   0.273158   0.272439   0.271996   0.272062   0.271899   0.271726   0.271061   0.271132   0.271396   0.271250   0.271154   0.271058   0.270959   0.270857   0.270761   0.270686   0.270629   0.270595   0.270566   0.270560   0.270562   0.270558
0.378328   0.406278   0.428905   0.448728   0.465089   0.471985   0.464466   0.445319   0.416920   0.381829   0.343696   0.315392   0.299531   0.292531   0.291277   0.291015   0.290971   0.290801   0.290600   0.290587   0.290006   0.289972   0.290215   0.290117   0.290014   0.289909   0.289802   0.289707   0.289633   0.289580   0.289549   0.289528   0.289531   0.289531   0.289527   0.289529
0.355660   0.385183   0.409850   0.431510   0.451042   0.464755   0.463352   0.446814   0.419380   0.384097   0.347613   0.323853   0.312269   0.309628   0.309532   0.309349   0.309160   0.308961   0.308984   0.308932   0.308568   0.308657   0.308552   0.308444   0.308333   0.308221   0.308128   0.308053   0.308007   0.307977   0.307966   0.307972   0.307970   0.307968   0.307972   0.307975
0.329266   0.361133   0.388326   0.412304   0.433986   0.452648   0.458645   0.446456   0.420801   0.386097   0.353050   0.333743   0.327361   0.327125   0.326937   0.326900   0.326532   0.326759   0.326556   0.326402   0.326297   0.326187   0.326072   0.325956   0.325841   0.325749   0.325675   0.325631   0.325604   0.325603   0.325609   0.325606   0.325606   0.325611   0.325613   0.325610
0.299239   0.334404   0.364763   0.391219   0.415017   0.436980   0.450521   0.444314   0.421290   0.388105   0.359542   0.345653   0.343761   0.343553   0.343349   0.343158   0.343253   0.343052   0.342910   0.342800   0.342684   0.342564   0.342442   0.342324   0.342232   0.342158   0.342116   0.342096   0.342100   0.342105   0.342103   0.342104   0.342110   0.342111   0.342106   0.342101
0.265885   0.304944   0.338750   0.368345   0.394782   0.419211   0.439358   0.440286   0.420948   0.390386   0.367255   0.358841   0.358443   0.358241   0.358248   0.358184   0.357985   0.357851   0.357736   0.357615   0.357490   0.357363   0.357241   0.357148   0.357073   0.357032   0.357020   0.357027   0.357031   0.357029   0.357032   0.357038   0.357038   0.357033   0.357026   0.357020
0.228623   0.272299   0.310432   0.343811   0.373431   0.400649   0.425580   0.434298   0.419838   0.393307   0.375248   0.371369   0.370981   0.371011   0.370959   0.370761   0.370632   0.370512   0.370386   0.370256   0.370124   0.369998   0.369902   0.369827   0.369788   0.369781   0.369789   0.369793   0.369791   0.369796   0.369803   0.369802   0.369795   0.369788   0.369781   0.369775
0.187882   0.236677   0.279717   0.317517   0.351059   0.381435   0.409847   0.426825   0.418130   0.395342   0.382539   0.380813   0.380869   0.380625   0.380425   0.380298   0.380175   0.380044   0.379910   0.379773   0.379642   0.379543   0.379466   0.379427   0.379425   0.379433   0.379437   0.379436   0.379443   0.379449   0.379447   0.379440   0.379432   0.379425   0.379418   0.379414
0.144041   0.198044   0.246535   0.289470   0.327503   0.361529   0.393601   0.418058   0.413110   0.394583   0.386539   0.385801   0.385552   0.385349   0.385223   0.385095   0.384961   0.384822   0.384681   0.384544   0.384441   0.384362   0.384321   0.384322   0.384331   0.384335   0.384335   0.384343   0.384350   0.384347   0.384339   0.384330   0.384323   0.384316   0.384311   0.384308
0.098541   0.156509   0.210931   0.259537   0.302547   0.341456   0.377539   0.405968   0.404137   0.390392   0.385380   0.384684   0.384477   0.384347   0.384217   0.384079   0.383936   0.383791   0.383648   0.383539   0.383455   0.383412   0.383415   0.383424   0.383429   0.383430   0.383440   0.383447   0.383444   0.383435   0.383425   0.383417   0.383410   0.383405   0.383402   0.383402
0.053493   0.112855   0.172833   0.227514   0.276666   0.320735   0.361573   0.390996   0.391261   0.381664   0.377931   0.377537   0.377403   0.377271   0.377130   0.376984   0.376834   0.376684   0.376569   0.376480   0.376432   0.376435   0.376445   0.376451   0.376453   0.376464   0.376471   0.376468   0.376459   0.376448   0.376440   0.376432   0.376427   0.376424   0.376424   0.376425
0.010705   0.068572   0.132237   0.193876   0.249536   0.299575   0.344627   0.372592   0.372930   0.366825   0.363924   0.363777   0.363643   0.363500   0.363351   0.363198   0.363043   0.362917   0.362821   0.362768   0.362769   0.362780   0.362787   0.362790   0.362802   0.362810   0.362807   0.362797   0.362785   0.362776   0.362768   0.362763   0.362760   0.362760   0.362761   0.362761
-0.028063   0.025176   0.090516   0.158252   0.220853   0.277514   0.325673   0.349022   0.349700   0.345622   0.343547   0.343412   0.343268   0.343117   0.342960   0.342801   0.342663   0.342562   0.342498   0.342495   0.342507   0.342516   0.342519   0.342532   0.342542   0.342540   0.342529   0.342517   0.342507   0.342498   0.342492   0.342489   0.342489   0.342490   0.342490   0.342490
-0.060862   -0.015798   0.047952   0.120449   0.190899   0.254897   0.303764   0.321648   0.323118   0.320178   0.318716   0.318572   0.318419   0.318260   0.318097   0.317946   0.317836   0.317762   0.317752   0.317764   0.317774   0.317779   0.317793   0.317805   0.317803   0.317793   0.317779   0.317768   0.317759   0.317752   0.317749   0.317748   0.317750   0.317750   0.317750   0.317750
-0.087641   -0.053246   0.005819   0.081426   0.159197   0.230765   0.278275   0.291471   0.293168   0.290974   0.289877   0.289724   0.289563   0.289397   0.289234   0.289113   0.289027   0.289005   0.289019   0.289031   0.289037   0.289051   0.289065   0.289065   0.289055   0.289040   0.289028   0.289019   0.289011   0.289007   0.289006   0.289008   0.289008   0.289008   0.289008   0.289008
-0.110394   -0.085848   -0.034505   0.040951   0.125551   0.204194   0.247677   0.257958   0.259410   0.257742   0.256955   0.256793   0.256625   0.256454   0.256319   0.256222   0.256181   0.256196   0.256209   0.256216   0.256231   0.256247   0.256250   0.256240   0.256225   0.256210   0.256201   0.256192   0.256188   0.256186   0.256188   0.256188   0.256188   0.256188   0.256188   0.256188
-0.130312   -0.113661   -0.072726   0.000439   0.090285   0.174425   0.212425   0.220955   0.222015   0.220658   0.220151   0.219982   0.219808   0.219653   0.219542   0.219483   0.219493   0.219508   0.219517   0.219531   0.219551   0.219556   0.219547   0.219532   0.219516   0.219505   0.219496   0.219491   0.219488   0.219490   0.219491   0.219491   0.219491   0.219491   0.219491   0.219491
-0.148065   -0.138155   -0.107228   -0.039498   0.053903   0.141136   0.173042   0.180417   0.181152   0.179918   0.179596   0.179420   0.179249   0.179126   0.179045   0.179043   0.179058   0.179070   0.179084   0.179106   0.179115   0.179108   0.179093   0.179076   0.179062   0.179053   0.179046   0.179043   0.179045   0.179046   0.179046   0.179046   0.179046   0.179046   0.179046   0.179046
-0.164921   -0.159726   -0.137476   -0.077852   0.017206   0.103068   0.129538   0.136355   0.136824   0.135656   0.135462   0.135280   0.135136   0.135037   0.135015   0.135031   0.135045   0.135058   0.135083   0.135097   0.135092   0.135078   0.135059   0.135043   0.135033   0.135026   0.135022   0.135023   0.135024   0.135024   0.135024   0.135024   0.135024   0.135024   0.135024   0.135024
-0.180628   -0.179340   -0.164205   -0.113858   -0.019289   0.059218   0.082142   0.088827   0.089116   0.088077   0.087895   0.087727   0.087611   0.087558   0.087573   0.087589   0.087602   0.087627   0.087647   0.087647   0.087633   0.087614   0.087596   0.087584   0.087575   0.087571   0.087570   0.087573   0.087573   0.087573   0.087573   0.087573   0.087573   0.087573   0.087573   0.087573
-0.195348   -0.197587   -0.188165   -0.146552   -0.056231   0.010796   0.031813   0.038465   0.038616   0.037618   0.037433   0.037299   0.037214   0.037217   0.037234   0.037249   0.037273   0.037298   0.037303   0.037292   0.037273   0.037253   0.037238   0.037229   0.037223   0.037221   0.037224   0.037224   0.037224   0.037224   0.037224   0.037224   0.037224   0.037224   0.037224   0.037224
-0.209128   -0.214698   -0.210246   -0.176196   -0.094158   -0.040032   -0.020265   -0.013504   -0.013439   -0.014385   -0.014548   -0.014658   -0.014682   -0.014665   -0.014647   -0.014625   -0.014595   -0.014583   -0.014591   -0.014610   -0.014631   -0.014649   -0.014660   -0.014667   -0.014670   -0.014668   -0.014667   -0.014667   -0.014667   -0.014667   -0.014667   -0.014667   -0.014667   -0.014667   -0.014667   -0.014667
-0.222238   -0.230688   -0.230951   -0.203595   -0.132122   -0.090907   -0.072536   -0.065626   -0.065636   -0.066507   -0.066640   -0.066705   -0.066690   -0.066671   -0.066651   -0.066617   -0.066598   -0.066601   -0.066617   -0.066639   -0.066660   -0.066673   -0.066682   -0.066686   -0.066685   -0.066684   -0.066684   -0.066684   -0.066684   -0.066684   -0.066684   -0.066684   -0.066684   -0.066684   -0.066684   -0.066684
-0.235160   -0.245575   -0.250579   -0.229496   -0.169093   -0.140836   -0.124192   -0.117192   -0.117265   -0.118023   -0.118125   -0.118131   -0.118112   -0.118091   -0.118058   -0.118029   -0.118026   -0.118039   -0.118061   -0.118084   -0.118102   -0.118111   -0.118117   -0.118118   -0.118115   -0.118115   -0.118115   -0.118115   -0.118115   -0.118115   -0.118115   -0.118115   -0.118115   -0.118115   -0.118115   -0.118115
-0.247957   -0.259945   -0.269261   -0.254404   -0.205173   -0.188670   -0.174240   -0.167178   -0.167278   -0.167922   -0.167968   -0.167950   -0.167929   -0.167898   -0.167862   -0.167849   -0.167858   -0.167879   -0.167903   -0.167924   -0.167936   -0.167944   -0.167947   -0.167944   -0.167943   -0.167943   -0.167943   -0.167943   -0.167943   -0.167943   -0.167943   -0.167943   -0.167943   -0.167943   -0.167943   -0.167943
-0.260681   -0.274147   -0.287053   -0.278594   -0.240773   -0.233278   -0.221351   -0.214375   -0.214458   -0.214997   -0.214991   -0.214969   -0.214942   -0.214901   -0.214877   -0.214879   -0.214898   -0.214922   -0.214946   -0.214963   -0.214973   -0.214977   -0.214976   -0.214974   -0.214974   -0.214974   -0.214974   -0.214974   -0.214974   -0.214974   -0.214974   -0.214974   -0.214974   -0.214974   -0.214974   -0.214974
-0.273351   -0.288343   -0.304498   -0.302101   -0.274035   -0.273103   -0.264461   -0.257711   -0.257741   -0.258151   -0.258131   -0.258105   -0.258064   -0.258028   -0.258021   -0.258035   -0.258059   -0.258085   -0.258107   -0.258119   -0.258125   -0.258126   -0.258123   -0.258123   -0.258123   -0.258123   -0.258123   -0.258123   -0.258123   -0.258123   -0.258123   -0.258123   -0.258123   -0.258123   -0.258123   -0.258123
-0.286080   -0.302629   -0.321708   -0.325154   -0.304595   -0.307743   -0.303130   -0.296665   -0.296629   -0.296950   -0.296925   -0.296888   -0.296842   -0.296823   -0.296831   -0.296852   -0.296879   -0.296905   -0.296921   -0.296930   -0.296933   -0.296930   -0.296929   -0.296929   -0.296929   -0.296929   -0.296929   -0.296929   -0.296929   -0.296929   -0.296929   -0.296929   -0.296929   -0.296929   -0.296929   -0.296929
-0.298836   -0.316927   -0.338848   -0.347829   -0.332697   -0.338630   -0.338131   -0.332040   -0.331936   -0.332212   -0.332180   -0.332130   -0.332096   -0.332094   -0.332111   -0.332138   -0.332166   -0.332188   -0.332199   -0.332205   -0.332205   -0.332202   -0.332202   -0.332202   -0.332202   -0.332202   -0.332202   -0.332202   -0.332202   -0.332202   -0.332202   -0.332202   -0.332202   -0.332202   -0.332202   -0.332202
-0.311669   -0.331326   -0.356038   -0.370261   -0.358603   -0.366810   -0.370335   -0.364719   -0.364607   -0.364841   -0.364795   -0.364746   -0.364730   -0.364741   -0.364766   -0.364795   -0.364822   -0.364839   -0.364847   -0.364849   -0.364845   -0.364845   -0.364845   -0.364845   -0.364845   -0.364845   -0.364845   -0.364845   -0.364845   -0.364845   -0.364845   -0.364845   -0.364845   -0.364845   -0.364845   -0.364845

#  Thrust coefficient

0.039648   0.039526   0.039382   0.039218   0.039033   0.038828   0.038602   0.038355   0.038088   0.037801   0.037495   0.037169   0.036824   0.036461   0.036080   0.035682   0.035266   0.034835   0.034388   0.033926   0.033451   0.032963   0.032463   0.031952   0.031431   0.030901   0.030364   0.029820   0.029272   0.028725   0.028173   0.027618   0.027063   0.026503   0.025944   0.025390
0.044057   0.043818   0.043558   0.043277   0.042976   0.042657   0.042318   0.041961   0.041587   0.041197   0.040790   0.040368   0.039931   0.039481   0.039019   0.038547   0.038066   0.037585   0.037091   0.036588   0.036071   0.035548   0.035008   0.034462   0.033915   0.033370   0.032829   0.032294   0.031767   0.031252   0.030749   0.030263   0.029799   0.029358   0.028941   0.028548
0.051458   0.051131   0.050786   0.050424   0.050046   0.049652   0.049244   0.048823   0.048391   0.047950   0.047506   0.047066   0.046621   0.046161   0.045682   0.045177   0.044665   0.044155   0.043655   0.043168   0.042698   0.042252   0.041833   0.041446   0.041096   0.040789   0.040532   0.040304   0.040070   0.039797   0.039469   0.039075   0.038603   0.038053   0.037461   0.036825
0.062231   0.061858   0.061471   0.061074   0.060669   0.060261   0.059855   0.059465   0.059096   0.058727   0.058332   0.057907   0.057484   0.057082   0.056712   0.056385   0.056104   0.055877   0.055710   0.055609   0.055542   0.055444   0.055265   0.054975   0.054536   0.053941   0.053249   0.052517   0.051717   0.050882   0.049945   0.048846   0.047518   0.046096   0.044580   0.043108
0.076630   0.076274   0.075926   0.075593   0.075286   0.075028   0.074817   0.074608   0.074365   0.074128   0.073933   0.073801   0.073741   0.073756   0.073855   0.074011   0.074122   0.074091   0.073843   0.073328   0.072611   0.071850   0.071042   0.070223   0.069281   0.068061   0.066406   0.064297   0.061907   0.059394   0.056950   0.054661   0.052650   0.050666   0.048833   0.047442
0.094993   0.094792   0.094639   0.094561   0.094588   0.094667   0.094729   0.094803   0.094932   0.095139   0.095437   0.095830   0.096236   0.096495   0.096474   0.096067   0.095340   0.094560   0.093837   0.093166   0.092325   0.090831   0.088517   0.085439   0.081629   0.077625   0.073808   0.070323   0.067324   0.064536   0.062042   0.060272   0.058462   0.056387   0.054697   0.052990
0.117735   0.117864   0.118135   0.118572   0.119065   0.119537   0.120020   0.120555   0.121182   0.121882   0.122481   0.122778   0.122607   0.122024   0.121410   0.120977   0.120679   0.119848   0.117917   0.114649   0.110042   0.104440   0.098469   0.092767   0.087593   0.083349   0.079658   0.077122   0.074276   0.071561   0.069196   0.066862   0.064780   0.062887   0.060862   0.058951
0.145205   0.145911   0.146838   0.147820   0.148730   0.149594   0.150497   0.151490   0.152401   0.152977   0.153009   0.152705   0.152675   0.153042   0.153039   0.151592   0.148045   0.142548   0.135490   0.127397   0.118902   0.110998   0.104299   0.099623   0.095544   0.091475   0.087941   0.084793   0.082068   0.079164   0.076452   0.073960   0.071667   0.069753   0.068052   0.066664
0.177687   0.179107   0.180584   0.181902   0.183102   0.184370   0.185729   0.186921   0.187598   0.187878   0.188691   0.190162   0.190894   0.189092   0.184057   0.176455   0.166974   0.156245   0.144755   0.134566   0.125782   0.119199   0.113239   0.108385   0.103966   0.100203   0.096310   0.092745   0.089607   0.086831   0.084561   0.082571   0.080939   0.079621   0.078471   0.077546
0.215088   0.217012   0.218717   0.220274   0.222000   0.223935   0.225670   0.226849   0.228521   0.231493   0.233941   0.232869   0.227278   0.217981   0.206200   0.192773   0.179415   0.165263   0.152584   0.142733   0.135006   0.128503   0.122475   0.117350   0.112567   0.108344   0.104785   0.101926   0.099367   0.097342   0.095747   0.094397   0.093383   0.092596   0.092021   0.091510
0.256825   0.258923   0.260924   0.263296   0.266109   0.268717   0.271166   0.275463   0.280716   0.282517   0.278103   0.268199   0.254577   0.239198   0.222987   0.205574   0.188035   0.172468   0.161203   0.151972   0.144187   0.137378   0.131499   0.126571   0.122466   0.118974   0.116107   0.114069   0.112330   0.111094   0.110173   0.109455   0.108860   0.108464   0.108069   0.107747
0.302311   0.304850   0.308068   0.312080   0.315996   0.320682   0.328469   0.335462   0.335287   0.326898   0.313611   0.296718   0.277876   0.257312   0.235364   0.213973   0.194563   0.180577   0.169912   0.161120   0.153709   0.147550   0.142346   0.138373   0.135029   0.132620   0.130771   0.129586   0.128714   0.127972   0.127405   0.126973   0.126662   0.126341   0.126152   0.125897
0.351819   0.356026   0.361555   0.367296   0.375161   0.386769   0.394786   0.392156   0.381033   0.364920   0.344363   0.320991   0.296387   0.270037   0.242882   0.218902   0.202096   0.189953   0.180231   0.172275   0.165623   0.160132   0.155957   0.153246   0.151160   0.149813   0.148949   0.148194   0.147551   0.147205   0.146898   0.146566   0.146381   0.146124   0.145962   0.145815
0.406866   0.414143   0.422160   0.433930   0.449095   0.459234   0.455279   0.441822   0.422097   0.397856   0.370120   0.340064   0.308623   0.276913   0.247603   0.226513   0.212403   0.201354   0.192602   0.185470   0.179933   0.175866   0.173239   0.171940   0.170897   0.170104   0.169437   0.169018   0.168765   0.168417   0.168233   0.167975   0.167802   0.167649   0.167544   0.167410
0.469336   0.479842   0.496109   0.515369   0.528357   0.523625   0.508888   0.485396   0.457288   0.424205   0.389229   0.353376   0.317262   0.282074   0.254554   0.237503   0.225078   0.215119   0.207297   0.201473   0.197828   0.195692   0.194565   0.193709   0.192993   0.192548   0.192187   0.191902   0.191647   0.191445   0.191194   0.191095   0.190985   0.190843   0.190729   0.190643
0.539388   0.559993   0.585371   0.599457   0.597129   0.579602   0.554542   0.521395   0.484394   0.445543   0.405588   0.364703   0.323660   0.288275   0.266144   0.251309   0.239896   0.231007   0.225045   0.221758   0.220007   0.219023   0.218237   0.217733   0.217429   0.217028   0.216677   0.216540   0.216264   0.216157   0.216038   0.215886   0.215765   0.215676   0.215584   0.215494
0.626470   0.656696   0.675149   0.674021   0.656617   0.628206   0.591869   0.551890   0.509490   0.465182   0.419744   0.373925   0.330362   0.298986   0.280479   0.267031   0.257251   0.250672   0.247515   0.246083   0.245185   0.244498   0.244237   0.243798   0.243507   0.243267   0.242960   0.242759   0.242703   0.242539   0.242408   0.242314   0.242217   0.242117   0.242033   0.241975
0.730694   0.753069   0.754981   0.737125   0.706496   0.668590   0.626170   0.580295   0.532354   0.483045   0.432813   0.382094   0.338952   0.313471   0.297395   0.285774   0.278237   0.275085   0.273863   0.273024   0.272419   0.271864   0.271890   0.271638   0.271294   0.271067   0.270907   0.270807   0.270660   0.270556   0.270454   0.270350   0.270249   0.270173   0.270117   0.270076
0.832761   0.834543   0.817707   0.787579   0.749760   0.705868   0.657878   0.607183   0.554556   0.500034   0.444315   0.390420   0.352234   0.331016   0.316865   0.307898   0.304452   0.303351   0.302590   0.302215   0.301425   0.301142   0.301271   0.301005   0.300816   0.300693   0.300521   0.300405   0.300297   0.300187   0.300076   0.299980   0.299910   0.299858   0.299822   0.299790
0.917795   0.899920   0.868508   0.831095   0.788751   0.740663   0.688595   0.633331   0.575418   0.515678   0.454776   0.401110   0.369323   0.351121   0.339867   0.335499   0.334460   0.333761   0.333553   0.333103   0.332509   0.332216   0.332438   0.332197   0.332005   0.331860   0.331746   0.331631   0.331515   0.331400   0.331310   0.331241   0.331197   0.331162   0.331141   0.331138
0.988735   0.954267   0.913561   0.870272   0.824844   0.774130   0.718006   0.658064   0.595419   0.530555   0.465113   0.415789   0.389463   0.374556   0.368374   0.367283   0.366591   0.366422   0.366082   0.365755   0.365016   0.364986   0.365110   0.364926   0.364803   0.364681   0.364559   0.364436   0.364321   0.364235   0.364170   0.364131   0.364099   0.364090   0.364089   0.364083
1.049223   1.005153   0.957046   0.907877   0.858273   0.805438   0.746309   0.682382   0.614590   0.544341   0.477154   0.434798   0.413084   0.403525   0.401708   0.401181   0.400905   0.400556   0.400195   0.400023   0.399430   0.399313   0.399465   0.399339   0.399210   0.399080   0.398951   0.398839   0.398754   0.398693   0.398657   0.398633   0.398633   0.398631   0.398624   0.398623
1.107773   1.055581   1.000431   0.944770   0.890132   0.835042   0.773561   0.705423   0.632869   0.557447   0.492404   0.457595   0.441534   0.437782   0.437393   0.436984   0.436611   0.436249   0.436113   0.435960   0.435576   0.435602   0.435467   0.435331   0.435195   0.435060   0.434951   0.434865   0.434812   0.434777   0.434763   0.434766   0.434762   0.434757   0.434757   0.434755
1.165962   1.105917   1.043966   0.982108   0.921691   0.862568   0.799150   0.727625   0.650507   0.571322   0.512847   0.484754   0.475718   0.475099   0.474676   0.474420   0.473912   0.473943   0.473672   0.473469   0.473330   0.473188   0.473045   0.472902   0.472763   0.472655   0.472570   0.472520   0.472488   0.472484   0.472487   0.472482   0.472478   0.472479   0.472477   0.472470
1.224280   1.156865   1.088311   1.020007   0.953275   0.888905   0.823251   0.749046   0.667535   0.587485   0.537926   0.517546   0.514566   0.514108   0.513698   0.513330   0.513257   0.512984   0.512795   0.512649   0.512499   0.512349   0.512199   0.512056   0.511949   0.511863   0.511815   0.511791   0.511792   0.511794   0.511789   0.511786   0.511787   0.511784   0.511777   0.511769
1.283465   1.208722   1.133231   1.058467   0.985341   0.914839   0.846065   0.769521   0.684112   0.607603   0.568190   0.555744   0.555001   0.554581   0.554366   0.554164   0.553891   0.553710   0.553556   0.553399   0.553242   0.553086   0.552938   0.552829   0.552742   0.552695   0.552679   0.552683   0.552684   0.552679   0.552678   0.552680   0.552675   0.552666   0.552658   0.552650
1.343092   1.261227   1.179048   1.097669   1.017963   0.941134   0.867704   0.789041   0.702044   0.634020   0.603476   0.597653   0.597065   0.596861   0.596663   0.596387   0.596209   0.596049   0.595885   0.595721   0.595558   0.595406   0.595292   0.595205   0.595159   0.595148   0.595153   0.595154   0.595150   0.595150   0.595151   0.595146   0.595136   0.595127   0.595119   0.595111
1.403524   1.314735   1.225770   1.137609   1.051271   0.967786   0.888543   0.808248   0.723727   0.665540   0.643816   0.641307   0.641109   0.640749   0.640465   0.640289   0.640121   0.639951   0.639780   0.639611   0.639451   0.639334   0.639245   0.639198   0.639192   0.639197   0.639198   0.639194   0.639196   0.639197   0.639191   0.639180   0.639170   0.639162   0.639154   0.639149
1.464245   1.369212   1.273387   1.178395   1.085133   0.994723   0.909794   0.827936   0.748690   0.701790   0.688014   0.686788   0.686412   0.686118   0.685938   0.685764   0.685588   0.685410   0.685234   0.685066   0.684943   0.684851   0.684802   0.684799   0.684805   0.684806   0.684803   0.684806   0.684807   0.684800   0.684788   0.684777   0.684768   0.684760   0.684755   0.684751
1.523442   1.424411   1.321987   1.219895   1.119384   1.022703   0.932073   0.849799   0.779153   0.743211   0.734599   0.733645   0.733338   0.733152   0.732972   0.732789   0.732605   0.732422   0.732245   0.732115   0.732016   0.731964   0.731963   0.731970   0.731971   0.731969   0.731973   0.731974   0.731967   0.731954   0.731942   0.731933   0.731924   0.731919   0.731915   0.731914
1.578721   1.479515   1.371358   1.261931   1.154681   1.051592   0.955351   0.874786   0.815552   0.788905   0.782676   0.782123   0.781926   0.781741   0.781552   0.781361   0.781171   0.780985   0.780845   0.780739   0.780682   0.780681   0.780688   0.780691   0.780689   0.780694   0.780696   0.780688   0.780675   0.780661   0.780651   0.780642   0.780637   0.780633   0.780632   0.780633
1.628602   1.532529   1.421062   1.305067   1.191036   1.081680   0.980383   0.903954   0.856730   0.837373   0.832474   0.832255   0.832064   0.831869   0.831673   0.831477   0.831282   0.831128   0.831014   0.830949   0.830946   0.830954   0.830958   0.830957   0.830963   0.830966   0.830958   0.830944   0.830929   0.830918   0.830909   0.830902   0.830898   0.830898   0.830899   0.830899
1.671384   1.581871   1.470868   1.349153   1.228461   1.112582   1.009097   0.939279   0.902617   0.887741   0.884131   0.883936   0.883736   0.883534   0.883331   0.883130   0.882958   0.882836   0.882760   0.882752   0.882760   0.882766   0.882765   0.882772   0.882776   0.882769   0.882754   0.882738   0.882726   0.882716   0.882709   0.882705   0.882704   0.882705   0.882705   0.882705
1.705508   1.626516   1.518747   1.394184   1.267036   1.144614   1.040848   0.980843   0.952402   0.939963   0.937357   0.937152   0.936944   0.936735   0.936528   0.936338   0.936205   0.936115   0.936099   0.936108   0.936115   0.936115   0.936123   0.936129   0.936122   0.936107   0.936089   0.936076   0.936066   0.936058   0.936054   0.936052   0.936054   0.936054   0.936054   0.936054
1.731957   1.664908   1.564188   1.439931   1.306488   1.177317   1.077204   1.027603   1.005055   0.994100   0.992101   0.991888   0.991673   0.991459   0.991251   0.991104   0.991000   0.990970   0.990980   0.990988   0.990990   0.990998   0.991006   0.991000   0.990985   0.990967   0.990951   0.990940   0.990931   0.990927   0.990925   0.990926   0.990927   0.990927   0.990927   0.990927
1.752593   1.696759   1.606589   1.484488   1.346570   1.212002   1.120199   1.079159   1.059710   1.049824   1.048337   1.048118   1.047897   1.047677   1.047508   1.047390   1.047339   1.047349   1.047359   1.047362   1.047371   1.047380   1.047377   1.047362   1.047342   1.047325   1.047313   1.047303   1.047298   1.047296   1.047297   1.047298   1.047298   1.047298   1.047298   1.047298
1.769602   1.722530   1.644064   1.527204   1.387253   1.249702   1.168938   1.134094   1.115792   1.106998   1.106041   1.105815   1.105590   1.105392   1.105257   1.105183   1.105189   1.105200   1.105205   1.105214   1.105226   1.105224   1.105210   1.105190   1.105171   1.105157   1.105147   1.105141   1.105138   1.105139   1.105140   1.105140   1.105140   1.105140   1.105140   1.105140
1.783901   1.743476   1.675956   1.567629   1.427833   1.291109   1.222340   1.191270   1.173550   1.165770   1.165178   1.164946   1.164725   1.164571   1.164472   1.164464   1.164475   1.164483   1.164491   1.164505   1.164508   1.164495   1.164475   1.164454   1.164437   1.164427   1.164419   1.164416   1.164416   1.164417   1.164417   1.164417   1.164417   1.164417   1.164417   1.164417
1.796369   1.760649   1.702305   1.604993   1.467739   1.337788   1.279445   1.249887   1.232772   1.225942   1.225656   1.225418   1.225236   1.225114   1.225083   1.225094   1.225104   1.225112   1.225129   1.225135   1.225125   1.225105   1.225082   1.225063   1.225051   1.225042   1.225038   1.225038   1.225039   1.225039   1.225039   1.225039   1.225039   1.225039   1.225039   1.225039
1.807269   1.775338   1.724249   1.638463   1.506529   1.390306   1.338766   1.310038   1.293433   1.287468   1.287226   1.287008   1.286863   1.286796   1.286806   1.286818   1.286826   1.286844   1.286855   1.286848   1.286829   1.286805   1.286784   1.286769   1.286759   1.286754   1.286753   1.286755   1.286755   1.286755   1.286755   1.286755   1.286755   1.286755   1.286755   1.286755
1.816799   1.788308   1.742873   1.667295   1.545021   1.446565   1.398703   1.370600   1.354509   1.349378   1.349134   1.348964   1.348858   1.348854   1.348867   1.348877   1.348894   1.348911   1.348908   1.348891   1.348867   1.348843   1.348825   1.348814   1.348807   1.348805   1.348807   1.348807   1.348807   1.348807   1.348807   1.348807   1.348807   1.348807   1.348807   1.348807
1.825172   1.799962   1.759111   1.692154   1.583547   1.503762   1.457973   1.430247   1.414494   1.410175   1.409964   1.409827   1.409792   1.409805   1.409817   1.409833   1.409854   1.409858   1.409843   1.409819   1.409794   1.409772   1.409759   1.409751   1.409747   1.409748   1.409749   1.409749   1.409749   1.409749   1.409749   1.409749   1.409749   1.409749   1.409749   1.409749
1.832750   1.810235   1.773676   1.714096   1.621654   1.558484   1.514826   1.487291   1.472113   1.468444   1.468275   1.468192   1.468202   1.468216   1.468230   1.468254   1.468265   1.468255   1.468232   1.468205   1.468181   1.468165   1.468154   1.468150   1.468149   1.468151   1.468151   1.468151   1.468151   1.468151   1.468151   1.468151   1.468151   1.468151   1.468151   1.468151
1.840093   1.819171   1.786910   1.733957   1.657744   1.609928   1.568433   1.541262   1.526550   1.523582   1.523454   1.523439   1.523454   1.523468   1.523493   1.523512   1.523508   1.523487   1.523460   1.523433   1.523412   1.523400   1.523393   1.523391   1.523394   1.523394   1.523394   1.523394   1.523394   1.523394   1.523394   1.523394   1.523394   1.523394   1.523394   1.523394
1.847125   1.827462   1.799070   1.752398   1.692183   1.657219   1.618251   1.591434   1.577093   1.574814   1.574753   1.574765   1.574781   1.574803   1.574830   1.574834   1.574817   1.574791   1.574762   1.574737   1.574722   1.574712   1.574709   1.574711   1.574712   1.574712   1.574712   1.574712   1.574712   1.574712   1.574712   1.574712   1.574712   1.574712   1.574712   1.574712
1.853907   1.835432   1.810238   1.769795   1.725402   1.699526   1.663072   1.636771   1.622919   1.621149   1.621148   1.621164   1.621184   1.621215   1.621229   1.621219   1.621194   1.621164   1.621135   1.621115   1.621104   1.621099   1.621099   1.621101   1.621101   1.621101   1.621101   1.621101   1.621101   1.621101   1.621101   1.621101   1.621101   1.621101   1.621101   1.621101
1.860408   1.843295   1.821070   1.786165   1.755000   1.735465   1.702233   1.676648   1.663003   1.661770   1.661784   1.661804   1.661834   1.661860   1.661858   1.661836   1.661807   1.661776   1.661750   1.661736   1.661728   1.661726   1.661728   1.661729   1.661729   1.661729   1.661729   1.661729   1.661729   1.661729   1.661729   1.661729   1.661729   1.661729   1.661729   1.661729
1.866819   1.851179   1.831554   1.801933   1.780690   1.765022   1.735682   1.710696   1.697494   1.696531   1.696550   1.696577   1.696611   1.696621   1.696605   1.696577   1.696544   1.696515   1.696495   1.696484   1.696481   1.696482   1.696483   1.696483   1.696483   1.696483   1.696483   1.696483   1.696483   1.696483   1.696483   1.696483   1.696483   1.696483   1.696483   1.696483
1.873083   1.858913   1.841832   1.817146   1.803039   1.789953   1.764403   1.740007   1.727424   1.726574   1.726599   1.726637   1.726660   1.726653   1.726628   1.726595   1.726563   1.726536   1.726523   1.726516   1.726515   1.726518   1.726518   1.726518   1.726518   1.726518   1.726518   1.726518   1.726518   1.726518   1.726518   1.726518   1.726518   1.726518   1.726518   1.726518
1.879274   1.866615   1.851989   1.831952   1.822478   1.811485   1.789509   1.765743   1.753777   1.753040   1.753075   1.753112   1.753117   1.753097   1.753066   1.753032   1.753000   1.752981   1.752970   1.752967   1.752970   1.752970   1.752970   1.752970   1.752970   1.752970   1.752970   1.752970   1.752970   1.752970   1.752970   1.752970   1.752970   1.752970   1.752970   1.752970

# Torque coefficient

-0.000535   -0.000216   0.000101   0.000418   0.000734   0.001048   0.001360   0.001670   0.001977   0.002281   0.002581   0.002879   0.003173   0.003464   0.003750   0.004034   0.004313   0.004589   0.004861   0.005129   0.005393   0.005653   0.005910   0.006163   0.006413   0.006659   0.006902   0.007143   0.007380   0.007618   0.007853   0.008084   0.008313   0.008537   0.008758   0.008978
-0.000180   0.000219   0.000614   0.001007   0.001397   0.001784   0.002168   0.002549   0.002925   0.003298   0.003668   0.004033   0.004395   0.004752   0.005105   0.005455   0.005801   0.006147   0.006488   0.006824   0.007153   0.007479   0.007795   0.008105   0.008412   0.008717   0.009021   0.009324   0.009627   0.009932   0.010238   0.010548   0.010864   0.011188   0.011522   0.011864
0.000538   0.001063   0.001584   0.002100   0.002612   0.003119   0.003620   0.004117   0.004608   0.005093   0.005575   0.006056   0.006532   0.007002   0.007463   0.007911   0.008353   0.008792   0.009231   0.009671   0.010113   0.010561   0.011015   0.011480   0.011957   0.012453   0.012976   0.013515   0.014044   0.014539   0.014981   0.015361   0.015664   0.015881   0.016033   0.016121
0.001645   0.002333   0.003013   0.003686   0.004352   0.005011   0.005664   0.006316   0.006969   0.007618   0.008255   0.008878   0.009496   0.010113   0.010735   0.011365   0.012007   0.012663   0.013340   0.014049   0.014778   0.015491   0.016155   0.016743   0.017220   0.017571   0.017825   0.018011   0.018129   0.018206   0.018206   0.018100   0.017853   0.017524   0.017113   0.016689
0.003067   0.003949   0.004823   0.005691   0.006555   0.007422   0.008292   0.009156   0.010004   0.010844   0.011687   0.012542   0.013411   0.014297   0.015215   0.016163   0.017099   0.017978   0.018746   0.019346   0.019789   0.020139   0.020416   0.020655   0.020815   0.020834   0.020650   0.020244   0.019677   0.019015   0.018345   0.017702   0.017150   0.016593   0.016072   0.015663
0.004772   0.005894   0.007010   0.008127   0.009254   0.010383   0.011498   0.012608   0.013723   0.014846   0.015983   0.017155   0.018346   0.019503   0.020554   0.021405   0.022048   0.022568   0.023028   0.023455   0.023788   0.023874   0.023644   0.023100   0.022258   0.021294   0.020335   0.019451   0.018712   0.018016   0.017386   0.016918   0.016432   0.015879   0.015419   0.014947
0.006758   0.008161   0.009571   0.011000   0.012433   0.013855   0.015263   0.016656   0.018061   0.019505   0.020954   0.022326   0.023485   0.024390   0.025145   0.025852   0.026531   0.027015   0.027140   0.026814   0.026039   0.024907   0.023596   0.022301   0.021115   0.020168   0.019339   0.018742   0.018080   0.017437   0.016873   0.016312   0.015813   0.015360   0.014875   0.014418
0.008996   0.010739   0.012513   0.014289   0.016022   0.017700   0.019366   0.021086   0.022845   0.024524   0.025946   0.027100   0.028149   0.029183   0.030072   0.030547   0.030407   0.029695   0.028495   0.026953   0.025242   0.023611   0.022227   0.021269   0.020422   0.019575   0.018835   0.018169   0.017591   0.016969   0.016395   0.015871   0.015390   0.014994   0.014641   0.014354
0.011499   0.013640   0.015754   0.017775   0.019722   0.021707   0.023798   0.025899   0.027774   0.029341   0.030793   0.032234   0.033446   0.034020   0.033780   0.032840   0.031367   0.029528   0.027442   0.025526   0.023863   0.022644   0.021547   0.020640   0.019810   0.019089   0.018349   0.017676   0.017088   0.016571   0.016153   0.015785   0.015484   0.015244   0.015033   0.014870
0.014220   0.016660   0.018976   0.021230   0.023593   0.026118   0.028593   0.030753   0.032712   0.034671   0.036406   0.037345   0.037276   0.036325   0.034744   0.032712   0.030535   0.028153   0.025984   0.024330   0.023060   0.021966   0.020943   0.020067   0.019253   0.018537   0.017941   0.017467   0.017038   0.016702   0.016441   0.016218   0.016057   0.015935   0.015852   0.015774
0.016896   0.019535   0.022137   0.024927   0.027942   0.030868   0.033487   0.036052   0.038523   0.040224   0.040690   0.040015   0.038527   0.036529   0.034224   0.031632   0.028958   0.026580   0.024873   0.023485   0.022299   0.021253   0.020349   0.019595   0.018972   0.018440   0.018003   0.017702   0.017442   0.017262   0.017132   0.017034   0.016952   0.016903   0.016848   0.016803
0.019373   0.022351   0.025593   0.029150   0.032638   0.035902   0.039190   0.042035   0.043537   0.043538   0.042528   0.040765   0.038505   0.035846   0.032913   0.029973   0.027283   0.025372   0.023914   0.022695   0.021659   0.020799   0.020071   0.019522   0.019057   0.018729   0.018476   0.018325   0.018214   0.018118   0.018049   0.017997   0.017962   0.017921   0.017906   0.017874
0.021782   0.025475   0.029610   0.033770   0.037829   0.041872   0.044983   0.046290   0.046100   0.044938   0.042980   0.040470   0.037638   0.034456   0.031098   0.028088   0.025993   0.024480   0.023247   0.022227   0.021372   0.020667   0.020135   0.019802   0.019539   0.019377   0.019277   0.019188   0.019113   0.019081   0.019050   0.019011   0.018999   0.018969   0.018954   0.018941
0.024473   0.029176   0.034081   0.039051   0.043808   0.047320   0.048630   0.048426   0.047170   0.045150   0.042530   0.039449   0.036060   0.032527   0.029197   0.026785   0.025169   0.023878   0.022845   0.022003   0.021354   0.020876   0.020570   0.020434   0.020318   0.020232   0.020161   0.020121   0.020103   0.020065   0.020055   0.020028   0.020013   0.020000   0.019993   0.019977
0.027711   0.033361   0.039318   0.044882   0.048876   0.050385   0.050367   0.049146   0.047173   0.044448   0.041299   0.037870   0.034262   0.030651   0.027760   0.025964   0.024630   0.023545   0.022694   0.022061   0.021669   0.021440   0.021327   0.021243   0.021173   0.021134   0.021103   0.021079   0.021059   0.021044   0.021018   0.021017   0.021010   0.020994   0.020981   0.020972
0.031416   0.038299   0.044859   0.049352   0.051413   0.051588   0.050700   0.048788   0.046223   0.043212   0.039862   0.036231   0.032440   0.029068   0.026918   0.025453   0.024302   0.023401   0.022804   0.022477   0.022304   0.022213   0.022143   0.022102   0.022084   0.022047   0.022016   0.022013   0.021986   0.021985   0.021978   0.021962   0.021950   0.021941   0.021931   0.021922
0.035868   0.043325   0.048650   0.051380   0.052097   0.051535   0.049981   0.047782   0.045049   0.041851   0.038312   0.034552   0.030835   0.028042   0.026354   0.025096   0.024182   0.023564   0.023268   0.023140   0.023066   0.023009   0.023001   0.022964   0.022945   0.022930   0.022903   0.022888   0.022893   0.022877   0.022864   0.022855   0.022846   0.022836   0.022828   0.022822
0.040008   0.046183   0.049884   0.051374   0.051410   0.050501   0.048852   0.046530   0.043676   0.040399   0.036800   0.032963   0.029515   0.027373   0.025988   0.024974   0.024310   0.024034   0.023936   0.023872   0.023826   0.023783   0.023805   0.023791   0.023762   0.023747   0.023738   0.023734   0.023721   0.023711   0.023702   0.023693   0.023683   0.023676   0.023670   0.023666
0.041606   0.046087   0.048618   0.049766   0.049871   0.049037   0.047412   0.045125   0.042289   0.038969   0.035294   0.031514   0.028625   0.026932   0.025780   0.025045   0.024763   0.024683   0.024630   0.024613   0.024545   0.024530   0.024560   0.024543   0.024533   0.024527   0.024513   0.024503   0.024494   0.024484   0.024475   0.024466   0.024460   0.024455   0.024451   0.024448
0.040599   0.043808   0.045858   0.047213   0.047760   0.047245   0.045837   0.043665   0.040846   0.037528   0.033846   0.030317   0.028006   0.026628   0.025769   0.025435   0.025366   0.025320   0.025322   0.025292   0.025245   0.025228   0.025270   0.025251   0.025236   0.025224   0.025215   0.025206   0.025196   0.025187   0.025179   0.025173   0.025169   0.025166   0.025164   0.025164
0.037828   0.040474   0.042489   0.044121   0.045221   0.045243   0.044118   0.042102   0.039398   0.036134   0.032492   0.029391   0.027554   0.026494   0.026051   0.025982   0.025940   0.025946   0.025931   0.025914   0.025851   0.025857   0.025883   0.025869   0.025860   0.025850   0.025841   0.025831   0.025822   0.025815   0.025810   0.025806   0.025804   0.025803   0.025803   0.025803
0.034441   0.036985   0.039045   0.040849   0.042339   0.042967   0.042282   0.040539   0.037954   0.034759   0.031288   0.028711   0.027267   0.026630   0.026516   0.026492   0.026488   0.026473   0.026454   0.026453   0.026400   0.026397   0.026419   0.026410   0.026401   0.026392   0.026382   0.026373   0.026366   0.026362   0.026359   0.026357   0.026357   0.026357   0.026357   0.026357
0.030969   0.033540   0.035688   0.037574   0.039275   0.040469   0.040347   0.038907   0.036518   0.033446   0.030269   0.028200   0.027191   0.026961   0.026953   0.026937   0.026920   0.026903   0.026905   0.026900   0.026869   0.026877   0.026867   0.026858   0.026848   0.026839   0.026831   0.026824   0.026820   0.026817   0.026816   0.026817   0.026817   0.026817   0.026817   0.026817
0.027476   0.030136   0.032405   0.034406   0.036215   0.037772   0.038273   0.037256   0.035115   0.032219   0.029461   0.027850   0.027318   0.027298   0.027282   0.027279   0.027248   0.027267   0.027250   0.027237   0.027229   0.027220   0.027210   0.027200   0.027191   0.027183   0.027177   0.027173   0.027171   0.027171   0.027171   0.027171   0.027171   0.027171   0.027172   0.027171
0.023972   0.026789   0.029221   0.031340   0.033247   0.035006   0.036091   0.035594   0.033749   0.031091   0.028803   0.027690   0.027539   0.027522   0.027506   0.027490   0.027498   0.027482   0.027470   0.027462   0.027452   0.027443   0.027433   0.027423   0.027416   0.027410   0.027407   0.027405   0.027406   0.027406   0.027406   0.027406   0.027406   0.027406   0.027406   0.027406
0.020481   0.023489   0.026093   0.028373   0.030410   0.032291   0.033843   0.033915   0.032425   0.030071   0.028289   0.027641   0.027610   0.027595   0.027595   0.027590   0.027575   0.027565   0.027556   0.027547   0.027537   0.027527   0.027518   0.027511   0.027505   0.027502   0.027501   0.027501   0.027502   0.027501   0.027502   0.027502   0.027502   0.027502   0.027501   0.027501
0.016958   0.020198   0.023027   0.025502   0.027700   0.029718   0.031568   0.032214   0.031142   0.029174   0.027834   0.027547   0.027518   0.027520   0.027516   0.027501   0.027492   0.027483   0.027474   0.027464   0.027454   0.027445   0.027438   0.027432   0.027429   0.027429   0.027429   0.027430   0.027430   0.027430   0.027430   0.027430   0.027430   0.027429   0.027429   0.027428
0.013439   0.016929   0.020007   0.022711   0.025110   0.027283   0.029315   0.030529   0.029907   0.028277   0.027362   0.027238   0.027242   0.027225   0.027211   0.027201   0.027193   0.027183   0.027174   0.027164   0.027155   0.027147   0.027142   0.027139   0.027139   0.027140   0.027140   0.027140   0.027140   0.027141   0.027141   0.027140   0.027139   0.027139   0.027138   0.027138
0.009948   0.013677   0.017026   0.019991   0.022617   0.024967   0.027182   0.028871   0.028529   0.027250   0.026694   0.026644   0.026626   0.026612   0.026604   0.026595   0.026585   0.026576   0.026566   0.026557   0.026550   0.026544   0.026541   0.026541   0.026542   0.026542   0.026542   0.026543   0.026543   0.026543   0.026543   0.026542   0.026541   0.026541   0.026541   0.026540
0.006578   0.010448   0.014081   0.017326   0.020197   0.022795   0.025204   0.027102   0.026979   0.026062   0.025727   0.025681   0.025667   0.025658   0.025650   0.025640   0.025631   0.025621   0.025612   0.025604   0.025599   0.025596   0.025596   0.025597   0.025597   0.025597   0.025598   0.025598   0.025598   0.025597   0.025597   0.025596   0.025596   0.025595   0.025595   0.025595
0.003456   0.007291   0.011166   0.014698   0.017874   0.020721   0.023359   0.025260   0.025277   0.024657   0.024416   0.024391   0.024382   0.024373   0.024364   0.024355   0.024345   0.024336   0.024328   0.024322   0.024319   0.024319   0.024320   0.024320   0.024321   0.024321   0.024322   0.024322   0.024321   0.024320   0.024320   0.024319   0.024319   0.024319   0.024319   0.024319
0.000670   0.004292   0.008276   0.012134   0.015617   0.018749   0.021569   0.023319   0.023340   0.022958   0.022776   0.022767   0.022759   0.022750   0.022741   0.022731   0.022721   0.022713   0.022707   0.022704   0.022704   0.022705   0.022705   0.022705   0.022706   0.022707   0.022707   0.022706   0.022705   0.022705   0.022704   0.022704   0.022704   0.022704   0.022704   0.022704
-0.001703   0.001528   0.005493   0.009604   0.013403   0.016842   0.019765   0.021182   0.021223   0.020976   0.020850   0.020841   0.020833   0.020824   0.020814   0.020804   0.020796   0.020790   0.020786   0.020786   0.020786   0.020787   0.020787   0.020788   0.020789   0.020788   0.020788   0.020787   0.020786   0.020786   0.020786   0.020785   0.020785   0.020785   0.020785   0.020785
-0.003585   -0.000931   0.002825   0.007095   0.011245   0.015015   0.017893   0.018946   0.019033   0.018860   0.018774   0.018765   0.018756   0.018747   0.018737   0.018728   0.018722   0.018718   0.018717   0.018718   0.018718   0.018719   0.018719   0.018720   0.018720   0.018719   0.018719   0.018718   0.018717   0.018717   0.018717   0.018717   0.018717   0.018717   0.018717   0.018717
-0.005015   -0.003047   0.000333   0.004659   0.009109   0.013205   0.015923   0.016678   0.016775   0.016650   0.016587   0.016578   0.016569   0.016560   0.016550   0.016543   0.016539   0.016537   0.016538   0.016539   0.016539   0.016540   0.016541   0.016541   0.016540   0.016539   0.016539   0.016538   0.016538   0.016537   0.016537   0.016537   0.016537   0.016537   0.016537   0.016537
-0.006141   -0.004776   -0.001920   0.002278   0.006985   0.011360   0.013779   0.014351   0.014431   0.014339   0.014295   0.014286   0.014277   0.014267   0.014259   0.014254   0.014252   0.014253   0.014253   0.014254   0.014255   0.014256   0.014256   0.014255   0.014254   0.014253   0.014253   0.014252   0.014252   0.014252   0.014252   0.014252   0.014252   0.014252   0.014252   0.014252
-0.007054   -0.006152   -0.003937   0.000024   0.004887   0.009441   0.011498   0.011960   0.012017   0.011944   0.011916   0.011907   0.011898   0.011889   0.011883   0.011880   0.011881   0.011882   0.011882   0.011883   0.011884   0.011884   0.011884   0.011883   0.011882   0.011881   0.011881   0.011881   0.011881   0.011881   0.011881   0.011881   0.011881   0.011881   0.011881   0.011881
-0.007804   -0.007281   -0.005651   -0.002082   0.002841   0.007438   0.009120   0.009509   0.009547   0.009482   0.009465   0.009456   0.009447   0.009441   0.009436   0.009436   0.009437   0.009438   0.009438   0.009440   0.009440   0.009440   0.009439   0.009438   0.009437   0.009437   0.009436   0.009436   0.009436   0.009436   0.009436   0.009436   0.009436   0.009436   0.009436   0.009436
-0.008469   -0.008202   -0.007060   -0.003998   0.000884   0.005293   0.006652   0.007002   0.007026   0.006966   0.006956   0.006947   0.006940   0.006935   0.006933   0.006934   0.006935   0.006936   0.006937   0.006938   0.006937   0.006937   0.006936   0.006935   0.006934   0.006934   0.006934   0.006934   0.006934   0.006934   0.006934   0.006934   0.006934   0.006934   0.006934   0.006934
-0.009044   -0.008979   -0.008222   -0.005701   -0.000966   0.002965   0.004113   0.004447   0.004462   0.004410   0.004401   0.004392   0.004387   0.004384   0.004385   0.004385   0.004386   0.004387   0.004388   0.004388   0.004388   0.004387   0.004386   0.004385   0.004385   0.004385   0.004385   0.004385   0.004385   0.004385   0.004385   0.004385   0.004385   0.004385   0.004385   0.004385
-0.009542   -0.009652   -0.009191   -0.007159   -0.002747   0.000527   0.001554   0.001879   0.001886   0.001838   0.001829   0.001822   0.001818   0.001818   0.001819   0.001820   0.001821   0.001822   0.001822   0.001822   0.001821   0.001820   0.001819   0.001819   0.001818   0.001818   0.001818   0.001818   0.001818   0.001818   0.001818   0.001818   0.001818   0.001818   0.001818   0.001818
-0.009972   -0.010238   -0.010025   -0.008402   -0.004490   -0.001909   -0.000966   -0.000644   -0.000641   -0.000686   -0.000694   -0.000699   -0.000700   -0.000699   -0.000698   -0.000697   -0.000696   -0.000695   -0.000696   -0.000697   -0.000698   -0.000699   -0.000699   -0.000699   -0.000700   -0.000699   -0.000699   -0.000699   -0.000699   -0.000699   -0.000699   -0.000699   -0.000699   -0.000699   -0.000699   -0.000699
-0.010351   -0.010744   -0.010757   -0.009483   -0.006154   -0.004234   -0.003378   -0.003057   -0.003057   -0.003098   -0.003104   -0.003107   -0.003106   -0.003105   -0.003104   -0.003103   -0.003102   -0.003102   -0.003103   -0.003104   -0.003105   -0.003105   -0.003106   -0.003106   -0.003106   -0.003106   -0.003106   -0.003106   -0.003106   -0.003106   -0.003106   -0.003106   -0.003106   -0.003106   -0.003106   -0.003106
-0.010704   -0.011178   -0.011406   -0.010446   -0.007697   -0.006410   -0.005653   -0.005334   -0.005338   -0.005372   -0.005377   -0.005377   -0.005376   -0.005375   -0.005374   -0.005372   -0.005372   -0.005373   -0.005374   -0.005375   -0.005376   -0.005376   -0.005376   -0.005376   -0.005376   -0.005376   -0.005376   -0.005376   -0.005376   -0.005376   -0.005376   -0.005376   -0.005376   -0.005376   -0.005376   -0.005376
-0.011035   -0.011569   -0.011984   -0.011322   -0.009131   -0.008397   -0.007755   -0.007440   -0.007445   -0.007473   -0.007475   -0.007475   -0.007474   -0.007472   -0.007471   -0.007470   -0.007471   -0.007472   -0.007473   -0.007474   -0.007474   -0.007474   -0.007475   -0.007474   -0.007474   -0.007474   -0.007474   -0.007474   -0.007474   -0.007474   -0.007474   -0.007474   -0.007474   -0.007474   -0.007474   -0.007474
-0.011349   -0.011936   -0.012498   -0.012129   -0.010483   -0.010156   -0.009637   -0.009333   -0.009337   -0.009361   -0.009360   -0.009359   -0.009358   -0.009356   -0.009355   -0.009355   -0.009356   -0.009357   -0.009358   -0.009359   -0.009359   -0.009360   -0.009360   -0.009360   -0.009360   -0.009360   -0.009360   -0.009360   -0.009360   -0.009360   -0.009360   -0.009360   -0.009360   -0.009360   -0.009360   -0.009360
-0.011648   -0.012287   -0.012975   -0.012873   -0.011677   -0.011637   -0.011269   -0.010981   -0.010983   -0.011000   -0.010999   -0.010998   -0.010997   -0.010995   -0.010995   -0.010995   -0.010996   -0.010997   -0.010998   -0.010999   -0.010999   -0.010999   -0.010999   -0.010999   -0.010999   -0.010999   -0.010999   -0.010999   -0.010999   -0.010999   -0.010999   -0.010999   -0.010999   -0.010999   -0.010999   -0.010999
-0.011936   -0.012627   -0.013423   -0.013567   -0.012709   -0.012840   -0.012648   -0.012378   -0.012376   -0.012390   -0.012389   -0.012387   -0.012385   -0.012385   -0.012385   -0.012386   -0.012387   -0.012388   -0.012389   -0.012389   -0.012389   -0.012389   -0.012389   -0.012389   -0.012389   -0.012389   -0.012389   -0.012389   -0.012389   -0.012389   -0.012389   -0.012389   -0.012389   -0.012389   -0.012389   -0.012389
-0.012214   -0.012954   -0.013850   -0.014217   -0.013598   -0.013841   -0.013820   -0.013571   -0.013567   -0.013578   -0.013577   -0.013575   -0.013574   -0.013573   -0.013574   -0.013575   -0.013576   -0.013577   -0.013578   -0.013578   -0.013578   -0.013578   -0.013578   -0.013578   -0.013578   -0.013578   -0.013578   -0.013578   -0.013578   -0.013578   -0.013578   -0.013578   -0.013578   -0.013578   -0.013578   -0.013578
-0.012484   -0.013271   -0.014261   -0.014831   -0.014364   -0.014693   -0.014834   -0.014609   -0.014604   -0.014614   -0.014612   -0.014610   -0.014609   -0.014610   -0.014611   -0.014612   -0.014613   -0.014614   -0.014614   -0.014614   -0.014614   -0.014614   -0.014614   -0.014614   -0.014614   -0.014614   -0.014614   -0.014614   -0.014614   -0.014614   -0.014614   -0.014614   -0.014614   -0.014614   -0.014614   -0.014614
